[[-39204.   9801.      0. ...,      0.      0.      0.]
 [  9801. -39204.   9801. ...,      0.      0.      0.]
 [     0.   9801. -39204. ...,      0.      0.      0.]
 ..., 
 [     0.      0.      0. ..., -39204.   9801.      0.]
 [     0.      0.      0. ...,   9801. -39204.   9801.]
 [     0.      0.      0. ...,      0.   9801. -39204.]]
[[-0.00434676]
 [-0.00879294]
 [-0.01315326]
 ..., 
 [ 1.6963885 ]
 [ 1.77531295]
 [ 1.86701519]]
[[-0.00434676 -0.00879294 -0.01315326 ...,  0.90366746  0.93525816
   0.96742693]
 [-0.00879294 -0.01806947 -0.02733559 ...,  0.86691523  0.91043904
   0.95495761]
 [-0.01315326 -0.02733559 -0.04155263 ...,  0.83013495  0.88563487
   0.94257649]
 ..., 
 [ 0.90366746  0.86691523  0.83013495 ...,  1.30031571  1.48542848
   1.6963885 ]
 [ 0.93525816  0.91043904  0.88563487 ...,  1.48542848  1.61992288
   1.77531295]
 [ 0.96742693  0.95495761  0.94257649 ...,  1.6963885   1.77531295
   1.86701519]]
[[  0.00000000e+00   1.02030405e-04   4.08121620e-04 ...,   9.60004081e-01
    9.79900010e-01   1.00000000e+00]
 [  1.02030405e-04  -4.34675784e-03  -8.79294353e-03 ...,   9.35258156e-01
    9.67426929e-01   1.00010203e+00]
 [  4.08121620e-04  -8.79294353e-03  -1.80694717e-02 ...,   9.10439037e-01
    9.54957612e-01   1.00040812e+00]
 ..., 
 [  9.60004081e-01   9.35258156e-01   9.10439037e-01 ...,   1.61992288e+00
    1.77531295e+00   1.96000408e+00]
 [  9.79900010e-01   9.67426929e-01   9.54957612e-01 ...,   1.77531295e+00
    1.86701519e+00   1.97990001e+00]
 [  1.00000000e+00   1.00010203e+00   1.00040812e+00 ...,   1.96000408e+00
    1.97990001e+00   2.00000000e+00]]
